$ 1 0.000005 38.696464541249114 50 5 43 5e-11
v -560 224 -560 80 0 1 60 175 0 0 0.5
209 288 160 288 288 0 0.01 14.584195618376404 0.001 1
l 192 160 288 160 0 0.000049999999999999996 -3.7600004597831494e-8 0
r 352 160 352 288 0 470000
370 112 160 192 160 1 0 0
p 416 160 416 288 1 0 0
w 288 160 352 160 0
w 352 160 416 160 0
w 416 288 352 288 0
w 352 288 288 288 0
w 288 288 -112 288 0
d -16 160 48 96 2 1N4004
d 48 96 112 160 2 1N4004
d -16 160 48 224 2 1N4004
d 48 224 112 160 2 1N4004
w 48 256 -240 256 0
w 48 64 -240 64 0
S -112 224 -112 160 0 0 false 0 2
w 48 224 48 256 0
w 48 96 48 64 0
w -112 224 -112 288 0
w -96 160 -16 160 0
w -128 160 -240 160 0
w -240 64 -240 112 0
w -240 192 -240 256 0
r -400 80 -400 144 0 100
181 -400 144 -400 224 0 1294.2498104413194 100 120 0.4 0.4
w -400 224 -320 224 0
w -320 224 -320 192 0
w -400 80 -320 80 0
w -320 80 -320 112 0
w -480 80 -400 80 0
w -480 224 -400 224 0
g -480 352 -480 384 0 0
c -480 224 -480 288 0 4.7e-10 0.001000083346482766 0.001
c -480 160 -480 80 0 4.7e-10 46.69422775624938 0.001
r -480 288 -480 352 0 1
r -480 160 -480 224 0 1
404 -560 224 -480 224 0 0.0613 6.73 0 false
s -560 80 -480 80 0 0 false
406 -320 112 -240 176 0 0.5 0.999 120:12,12 3 0.000002309707055183004 3.759916132727584e-8 -6.159898505446633e-13
w -240 144 -240 160 0
162 496 160 496 288 2 default-led 1 0 0 0.01
r 416 288 496 288 0 2200
w 496 160 416 160 0
o 38 64 0 4099 0.3125 6.4 0 2 38 3
o 4 64 0 4099 0.0390625 0.2 1 2 4 3
