$ 1 0.000005 10.20027730826997 50 5 43 5e-11
v 416 80 64 80 0 0 40 12 0 0 0.5
r 112 208 224 208 0 60000
r 112 304 224 304 0 7500
w 224 208 224 256 0
w 224 256 224 304 0
w 224 256 272 256 0
w 272 256 272 208 0
w 272 256 272 304 0
162 272 208 368 208 2 default-led 1 0 0 0.01
162 368 304 272 304 2 default-led 1 0 0 0.01
r 272 256 368 256 0 1000000
w 368 208 368 256 0
w 368 256 368 304 0
w 368 256 416 256 0
w 112 208 112 240 0
w 112 272 112 304 0
w 64 80 64 256 0
w 416 80 416 256 0
S 64 256 112 256 0 0 false 0 2

